1609322332135112
1609322332255317
1609322332277471
1609322332289778
1609322332300035
1609322332309881
1609322332318907
1609322332327932
1609322332340240
1609322332348855
1609322332357471
1609322332366086
1609322332374701
1609322332383317
1609322332391932
1609322332400547
1609322332408753
1609322332417368
1609322332425983
1609322332434599
1609322332443214
1609322332453060
1609322332461675
1609322332470701
1609322332479317
1609322332487522
1609322332496137
1609322332504342
1609322332512958
1609322332521573
